1 0.485923283703505 -0.201560912008164 0.135721611519994 0.0763367972926458 0.211959560941447 -0.152936731191591 -0.247479736232569 -0.267073253220782 -0.332147733158583 -0.303726827099192
0.485923283703505 1 -0.330676839430837 0.146814944583914 -0.14280164782444 0.516358379317319 0.186500614660413 -0.471623261907702 -0.09094922989387 -0.351875101859488 -0.289434758888807
-0.201560912008164 -0.330676839430837 1 -0.267970612878076 -0.225660167680651 -0.221949176700483 -0.212824367654903 0.120552966927707 0.0352327517146689 0.740272713608338 -0.0848516955357583
0.135721611519994 0.146814944583914 -0.267970612878076 1 0.21030513843885 -0.0886530282613507 0.0521233205629525 -0.0331988896320226 -0.391059986480664 -0.274551460315603 -0.195556943547173
0.0763367972926458 -0.14280164782444 -0.225660167680651 0.21030513843885 1 -0.0811597747535814 -0.192044363423126 0.309973884824355 -0.0674767530514878 -0.15817284343548 -0.0123092193355363
0.211959560941447 0.516358379317319 -0.221949176700483 -0.0886530282613507 -0.0811597747535814 1 0.220377827453509 -0.368635758239384 0.185630210664255 -0.340222552311774 -0.180473293272173
-0.152936731191591 0.186500614660413 -0.212824367654903 0.0521233205629525 -0.192044363423126 0.220377827453509 1 -0.290729081959565 0.270165870366608 -0.120489212101581 0.135231535540124
-0.247479736232569 -0.471623261907702 0.120552966927707 -0.0331988896320226 0.309973884824355 -0.368635758239384 -0.290729081959565 1 0.0216085255918687 0.157642770484148 0.139327051786724
-0.267073253220782 -0.09094922989387 0.0352327517146689 -0.391059986480664 -0.0674767530514878 0.185630210664255 0.270165870366608 0.0216085255918687 1 0.0777599555275518 0.265203441129008
-0.332147733158583 -0.351875101859488 0.740272713608338 -0.274551460315603 -0.15817284343548 -0.340222552311774 -0.120489212101581 0.157642770484148 0.0777599555275518 1 0.030916160278229
-0.303726827099192 -0.289434758888807 -0.0848516955357583 -0.195556943547173 -0.0123092193355363 -0.180473293272173 0.135231535540124 0.139327051786724 0.265203441129008 0.030916160278229 1
