1 0.451897207904105 -0.207420827606483 0.312183381715184 0.599273549880682 -0.131514501695945 -0.441623300763933 -0.06019952709765 -0.378338431648914 -0.379816048893246 -0.396137004675382
0.451897207904105 1 0.409006484534345 0.474561931635898 0.179459223433461 0.0638223556237502 -0.0965091066521096 -0.387987088107485 -0.515186920828522 -0.341639015328199 -0.570582450557713
-0.207420827606483 0.409006484534345 1 0.253312268814076 -0.397203966777934 0.145236441082015 0.529226188900384 -0.46571243766488 -0.298416668211735 0.00375684635016826 -0.292852414958271
0.312183381715184 0.474561931635898 0.253312268814076 1 0.148056796435431 -0.314771576049507 -0.141897781991995 -0.236968912608276 -0.470893504172757 -0.283311538381061 -0.335050695760872
0.599273549880682 0.179459223433461 -0.397203966777934 0.148056796435431 1 0.0392886213117001 -0.558158096070135 0.360198847409559 -0.124591776122667 -0.392646413449968 -0.111297611926633
-0.131514501695945 0.0638223556237502 0.145236441082015 -0.314771576049507 0.0392886213117001 1 0.25430768537596 -0.0875867342829567 0.159103901555452 -0.0058904718800345 -0.161817501945773
-0.441623300763933 -0.0965091066521096 0.529226188900384 -0.141897781991995 -0.558158096070135 0.25430768537596 1 -0.341561600267037 0.0391043340485012 0.459070936453763 -0.0573122220004708
-0.06019952709765 -0.387987088107485 -0.46571243766488 -0.236968912608276 0.360198847409559 -0.0875867342829567 -0.341561600267037 1 0.279820473055587 -0.0818497022783646 0.511382729372161
-0.378338431648914 -0.515186920828522 -0.298416668211735 -0.470893504172757 -0.124591776122667 0.159103901555452 0.0391043340485012 0.279820473055587 1 0.316376641261838 0.560007588733209
-0.379816048893246 -0.341639015328199 0.00375684635016826 -0.283311538381061 -0.392646413449968 -0.0058904718800345 0.459070936453763 -0.0818497022783646 0.316376641261838 1 0.161177603587679
-0.396137004675382 -0.570582450557713 -0.292852414958271 -0.335050695760872 -0.111297611926633 -0.161817501945773 -0.0573122220004708 0.511382729372161 0.560007588733209 0.161177603587679 1
