1 0.36110533829351 -0.400777949906625 0.100419285714519 0.693455096838347 -8.63061299564323e-05 -0.592228179996431 0.493461378576102 -0.265780995944927 -0.649188061212521 -0.196598001017706
0.36110533829351 1 0.390539236625853 0.284172382703253 -0.0865656201966164 0.209780076200204 0.0220856235041017 -0.21763360124792 -0.425474908625025 -0.35470607312791 -0.444086372195491
-0.400777949906625 0.390539236625853 1 0.20874041642922 -0.546190327952439 0.0577879254808007 0.78729334839026 -0.665330600899627 -0.323606205000564 0.358843558717323 -0.288787792911872
0.100419285714519 0.284172382703253 0.20874041642922 1 0.0105080965448022 -0.554317716187107 -0.128464204555928 -0.261063892706866 -0.476531106581175 -0.084949015834173 0.253099814857014
0.693455096838347 -0.0865656201966164 -0.546190327952439 0.0105080965448022 1 -0.183550814743364 -0.625260425077417 0.708816338659031 -0.0989086008113129 -0.520957626284534 0.130871820674739
-8.63061299564323e-05 0.209780076200204 0.0577879254808007 -0.554317716187107 -0.183550814743364 1 0.24614615711438 0.0638717308159499 0.362545399239277 -0.0763288345786592 -0.495093427037364
-0.592228179996431 0.0220856235041017 0.78729334839026 -0.128464204555928 -0.625260425077417 0.24614615711438 1 -0.616156449474284 0.0228735760333337 0.653016321401964 -0.22169322047221
0.493461378576102 -0.21763360124792 -0.665330600899627 -0.261063892706866 0.708816338659031 0.0638717308159499 -0.616156449474284 1 0.319144854834468 -0.417597561779522 0.128153815870408
-0.265780995944927 -0.425474908625025 -0.323606205000564 -0.476531106581175 -0.0989086008113129 0.362545399239277 0.0228735760333337 0.319144854834468 1 0.385215220889534 0.219298364013661
-0.649188061212521 -0.35470607312791 0.358843558717323 -0.084949015834173 -0.520957626284534 -0.0763288345786592 0.653016321401964 -0.417597561779522 0.385215220889534 1 0.249185673102748
-0.196598001017706 -0.444086372195491 -0.288787792911872 0.253099814857014 0.130871820674739 -0.495093427037364 -0.22169322047221 0.128153815870408 0.219298364013661 0.249185673102748 1
