1 0.47273357600629 -0.38702309999714 -0.0570526706779347 0.757411535775704 0.139903057208779 -0.628885530378424 0.50408511995852 -0.256708800176784 -0.676889982585332 -0.35061358082684
0.47273357600629 1 0.331230952162365 -0.0664244266036866 0.108621838835248 0.218303477030469 -0.13965852860255 -0.0971910005614111 -0.368700154800957 -0.357437734413401 -0.397919542542721
-0.38702309999714 0.331230952162365 1 0.157946973227875 -0.565387260765822 -0.109725022081778 0.732673647093614 -0.609930358501785 -0.262845218968313 0.429299062020723 -0.0378027921774566
-0.0570526706779347 -0.0664244266036866 0.157946973227875 1 -0.0709654970777578 -0.375986092429825 0.122648330813132 -0.224720545647138 -0.317404772260318 0.0074013749333699 0.202107367362519
0.757411535775704 0.108621838835248 -0.565387260765822 -0.0709654970777578 1 0.125360838224569 -0.692732304013052 0.728448586723745 -0.0663233687803358 -0.656697682747092 -0.167963414673396
0.139903057208779 0.218303477030469 -0.109725022081778 -0.375986092429825 0.125360838224569 1 -0.172107354143312 0.116980927102494 0.285042838792936 -0.173273749491747 -0.371003415924907
-0.628885530378424 -0.13965852860255 0.732673647093614 0.122648330813132 -0.692732304013052 -0.172107354143312 1 -0.610007360223477 -0.0163175353325802 0.771489580819071 0.157728449094194
0.50408511995852 -0.0971910005614111 -0.609930358501785 -0.224720545647138 0.728448586723745 0.116980927102494 -0.610007360223477 1 0.246554095596413 -0.475289470320585 -0.0762990840174392
-0.256708800176784 -0.368700154800957 -0.262845218968313 -0.317404772260318 -0.0663233687803358 0.285042838792936 -0.0163175353325802 0.246554095596413 1 0.376113040477708 0.136910635061143
-0.676889982585332 -0.357437734413401 0.429299062020723 0.0074013749333699 -0.656697682747092 -0.173273749491747 0.771489580819071 -0.475289470320585 0.376113040477708 1 0.330267838005931
-0.35061358082684 -0.397919542542721 -0.0378027921774566 0.202107367362519 -0.167963414673396 -0.371003415924907 0.157728449094194 -0.0762990840174392 0.136910635061143 0.330267838005931 1
